0.040743112564086914
0.0814058780670166
0.12206912040710449
0.16272187232971191
0.20337843894958496
0.24406647682189941
0.28493762016296387
0.32773590087890625
0.36844468116760254
0.4091315269470215
0.44979095458984375
0.4904477596282959
0.531113862991333
0.5718042850494385
0.61246657371521
0.6531252861022949
0.6937947273254395
0.7344655990600586
0.7751245498657227
0.8161368370056152
0.857081413269043
0.8979482650756836
0.938615083694458
0.9796264171600342
1.020681619644165
1.0617632865905762
1.102816104888916
1.1438524723052979
1.1848900318145752
1.2259283065795898
1.266998291015625
1.3082146644592285
1.349905014038086
1.39094877243042
1.4318351745605469
1.473154067993164
1.5142066478729248
1.555196762084961
1.596196174621582
1.637176275253296
1.678288459777832
1.7193691730499268
1.7604398727416992
1.801584005355835
1.8432235717773438
1.8842320442199707
1.9252021312713623
1.9661540985107422
2.0073208808898926
2.0484578609466553
2.0901410579681396
2.1311042308807373
2.1720662117004395
2.2130930423736572
2.254140853881836
2.295212984085083
2.3369123935699463
2.3779890537261963
2.41890025138855
2.459786891937256
2.500847816467285
2.541886806488037
2.5830166339874268
2.624069929122925
2.665632963180542
2.7070183753967285
2.7480287551879883
2.78908634185791
2.8306281566619873
2.8717732429504395
2.9127793312072754
2.9537315368652344
2.9947900772094727
3.0358426570892334
3.0769035816192627
3.1179585456848145
3.159010171890259
3.200084924697876
3.2411305904388428
3.2826955318450928
3.3245904445648193
3.365769624710083
3.406740665435791
3.4476935863494873
3.488645076751709
3.5296547412872314
3.570753812789917
3.6118693351745605
3.6529734134674072
3.6940524578094482
3.7351579666137695
3.776211977005005
3.8176345825195312
3.85905385017395
3.900228977203369
3.9411137104034424
3.9819443225860596
4.022897720336914
4.063961029052734
4.1050145626068115
4.146087646484375
4.187133312225342
4.228279113769531
4.269329071044922
4.310592174530029
4.352033615112305
4.392932176589966
4.433933734893799
4.475444078445435
4.516575813293457
4.5577003955841064
4.598677158355713
4.639764308929443
4.680837631225586
4.721925973892212
4.763005018234253
4.804143190383911
4.845754384994507
4.886716842651367
4.927612781524658
4.968606472015381
5.009645223617554
5.050856590270996
5.092327117919922
5.133372068405151
5.174452543258667
5.215402603149414
5.256441116333008
5.297490835189819
5.339203596115112
5.380201578140259
5.421167373657227
5.4622344970703125
5.503294229507446
5.544344663619995
5.585432291030884
5.626485109329224
5.668105125427246
5.709211587905884
5.750184059143066
5.791200160980225
5.832881689071655
5.873857498168945
5.914843559265137
5.955734491348267
5.996561288833618
6.037383079528809
6.078283786773682
6.119072198867798
6.159939765930176
6.200761795043945
6.241582155227661
6.282860994338989
6.324192523956299
6.365158557891846
6.405987739562988
6.446816682815552
6.487648963928223
6.5284388065338135
6.569352626800537
6.610188245773315
6.651015043258667
6.691840171813965
6.732725620269775
6.773630619049072
6.81483268737793
6.8561341762542725
6.8973448276519775
6.938164949417114
6.97896409034729
7.019815683364868
7.060650825500488
7.1015729904174805
7.142369031906128
7.183259725570679
7.224085092544556
7.264911651611328
7.305872678756714
7.347150802612305
7.388002157211304
7.428799390792847
7.469886541366577
7.510760068893433
7.551598310470581
7.592478513717651
7.6333088874816895
7.6741554737091064
7.715092658996582
7.755880117416382
7.796762466430664
7.838093280792236
7.878960847854614
7.919790983200073
7.960573673248291
8.001444101333618
8.042267322540283
8.083598852157593
8.12482476234436
8.165999412536621
8.20681643486023
8.247618198394775
8.288397073745728
8.329883098602295
8.3707115650177
8.411576747894287
8.452438592910767
8.49327540397644
8.534356832504272
8.575405597686768
8.616488218307495
8.658324241638184
8.699734449386597
8.740792274475098
8.781761169433594
8.823106050491333
8.86414384841919
8.9049973487854
8.945945024490356
8.986892700195312
9.027956008911133
9.06900954246521
9.110050916671753
9.151082754135132
9.192117691040039
9.233203887939453
9.274661540985107
9.31601858139038
9.35732364654541
9.398239374160767
9.439253091812134
9.480204582214355
9.52127718925476
9.562352180480957
9.603399991989136
9.64449167251587
9.685556650161743
9.726702451705933
9.767746448516846
9.80892562866211
9.85043978691101
9.891603469848633
9.932629108428955
9.97359585762024
10.014547109603882
10.055680513381958
10.096723794937134
10.137756586074829
10.178795337677002
10.219831228256226
10.26086711883545
10.301965475082397
10.34359359741211
10.38460087776184
10.425573348999023
10.467130422592163
10.508347511291504
10.549404859542847
10.590376853942871
10.631336212158203
10.67248272895813
10.71361231803894
10.754698753356934
10.795654773712158
10.837444305419922
10.878409147262573
10.91950535774231
10.960489749908447
11.00154733657837
11.042625665664673
11.084003925323486
11.125115156173706
11.166306495666504
11.207288980484009
11.248353004455566
11.289403438568115
11.330951452255249
11.371941328048706
11.412845849990845
11.453858852386475
11.494908332824707
11.536323547363281
11.577406167984009
11.618453025817871
11.659983158111572
11.701215267181396
11.742351531982422
11.783334493637085
11.824645042419434
11.865779161453247
11.906780004501343
11.947883367538452
11.988929510116577
12.029985189437866
12.071063995361328
12.112120389938354
12.15319037437439
12.194241046905518
12.235280990600586
12.276748895645142
12.318195104598999
12.359498977661133
12.400350570678711
12.441178321838379
12.482191324234009
12.523269176483154
12.564316034317017
12.605371236801147
12.646412134170532
12.687485456466675
12.72854733467102
12.769629001617432
12.810880184173584
12.852640628814697
12.893989562988281
12.934913873672485
12.975894212722778
13.016939401626587
13.057996988296509
13.099077939987183
13.140118837356567
13.181192398071289
13.222241401672363
13.263287782669067
13.30469274520874
13.346352815628052
13.38730525970459
13.428169012069702
13.469314336776733
13.510254383087158
13.55123257637024
13.592233180999756
13.633367776870728
13.674436569213867
13.715534210205078
13.756584405899048
13.797676086425781
13.839198112487793
13.880311965942383
13.921327590942383
13.962255954742432
14.003251791000366
14.044103860855103
14.08538556098938
14.126400232315063
14.167366743087769
14.208503484725952
14.249588966369629
14.290642261505127
14.332374095916748
14.37350058555603
14.414653301239014
14.455541849136353
14.496423482894897
14.537575960159302
14.578675746917725
14.619779109954834
14.661141157150269
14.702403545379639
14.743473291397095
14.784634590148926
14.826075553894043
14.867092370986938
14.908056020736694
14.949024438858032
14.989980936050415
15.031088590621948
