0.04076099395751953
0.08144640922546387
0.1221153736114502
0.16285037994384766
0.2035369873046875
0.24420642852783203
0.2848794460296631
0.32553744316101074
0.3661961555480957
0.40685486793518066
0.4475135803222656
0.4881734848022461
0.528831958770752
0.5694928169250488
0.6101512908935547
0.6508064270019531
0.6914632320404053
0.7321195602416992
0.7731244564056396
0.8141911029815674
0.8552396297454834
0.8963274955749512
0.9373681545257568
0.9784862995147705
1.01953125
1.0605709552764893
1.101651906967163
1.1426928043365479
1.1837704181671143
1.2248129844665527
1.2658438682556152
1.3069281578063965
1.347970962524414
1.3891489505767822
1.430215835571289
1.4712553024291992
1.5123341083526611
1.553384780883789
1.5944592952728271
1.6354999542236328
1.676529884338379
1.7176017761230469
1.7586355209350586
1.7995936870574951
1.8403830528259277
1.8811631202697754
1.9220714569091797
1.9629707336425781
2.00380539894104
2.044602632522583
2.0854032039642334
2.126326322555542
2.1671547889709473
2.208102226257324
2.2488882541656494
2.289679527282715
2.3305017948150635
2.3713254928588867
2.412245035171509
2.453033447265625
2.493817090988159
2.534710645675659
2.5755937099456787
2.6165876388549805
2.6573941707611084
2.698180675506592
2.738961935043335
2.7797441482543945
2.820643901824951
2.8614704608917236
2.9022939205169678
2.9432120323181152
2.984034299850464
3.024951457977295
3.0657758712768555
3.106597661972046
3.147496223449707
3.1883678436279297
3.229184150695801
3.270012140274048
3.3108365535736084
3.3517346382141113
3.392550230026245
3.4366676807403564
3.477494478225708
3.5183238983154297
3.5591065883636475
3.5998899936676025
3.6407063007354736
3.681532382965088
3.7224643230438232
3.76332426071167
3.8041296005249023
3.8449623584747314
3.885791063308716
3.926710367202759
3.9675047397613525
4.008307695388794
4.0492103099823
4.090038061141968
4.130963325500488
4.1717565059661865
4.212533235549927
4.253328323364258
4.294254302978516
4.335314035415649
4.376181602478027
4.416985511779785
4.458003997802734
4.499057769775391
4.540142774581909
4.581178665161133
4.622220993041992
4.663415908813477
4.704387664794922
4.74536919593811
4.786346197128296
4.8273584842681885
4.868484258651733
4.909535646438599
4.950615406036377
4.9918532371521
5.032954692840576
5.074397802352905
5.115440130233765
5.156513690948486
5.197564601898193
5.238633155822754
5.279702186584473
5.320737600326538
5.361790657043457
5.402928113937378
5.443952798843384
5.485026836395264
5.526057004928589
5.567185878753662
5.608267545700073
5.64966607093811
5.690739393234253
5.731772184371948
5.773038387298584
5.814133405685425
5.855101108551025
5.896240949630737
5.937285423278809
5.978345632553101
6.019384384155273
6.062944173812866
6.104156017303467
6.1450464725494385
6.1862473487854
6.227335691452026
6.268821954727173
6.309841156005859
6.350902557373047
6.391986608505249
6.4330666065216064
6.474109172821045
6.515192031860352
6.556232452392578
6.597305059432983
6.638335227966309
6.679371118545532
6.720442295074463
6.761587619781494
6.8028223514556885
6.843985080718994
6.88503098487854
6.926111221313477
6.967146396636963
7.008256196975708
7.049288034439087
7.090344667434692
7.131430149078369
7.172489166259766
7.213566303253174
7.2546608448028564
7.295727968215942
7.3368024826049805
7.378068208694458
7.419192552566528
7.460254669189453
7.501302480697632
7.54238224029541
7.583427429199219
7.624619245529175
7.665669918060303
7.706705093383789
7.747779607772827
7.788814306259155
7.829849004745483
7.870875120162964
7.913185119628906
7.954268455505371
7.995492458343506
8.036560535430908
8.077596187591553
8.118637561798096
8.1597158908844
8.200761556625366
8.241807460784912
8.282848834991455
8.323898315429688
8.364977836608887
8.406019449234009
8.447087526321411
8.488123655319214
8.529163837432861
8.57034420967102
8.61139702796936
8.652489185333252
8.693519592285156
8.734562635421753
8.775632619857788
8.81666874885559
8.85773491859436
8.898764610290527
8.939807415008545
8.980892658233643
9.02192997932434
9.062995910644531
9.104040384292603
9.145087242126465
9.186241865158081
9.227291822433472
9.26834511756897
9.309398174285889
9.350451946258545
9.391529083251953
9.432574987411499
9.473643064498901
9.514679908752441
9.555720567703247
9.596792697906494
9.63784122467041
9.678866624832153
9.719908475875854
9.760998964309692
9.802108764648438
9.843169450759888
9.88424301147461
9.92529821395874
9.966335535049438
10.007447719573975
10.048493385314941
10.089524030685425
10.130561113357544
10.171593189239502
10.212657690048218
10.253695011138916
10.29476809501648
10.335806131362915
10.376898765563965
10.417979717254639
10.45902967453003
10.500112056732178
10.54115080833435
10.58218789100647
10.623257160186768
10.664292335510254
10.705353021621704
10.746395826339722
10.787433385848999
10.82849669456482
10.869523286819458
10.910585880279541
10.951624155044556
10.992716312408447
11.033811092376709
11.074846744537354
11.115925550460815
11.15696907043457
11.198009014129639
11.239206314086914
11.280243873596191
11.321316242218018
11.362513303756714
11.403595209121704
11.444660425186157
11.485686302185059
11.526746273040771
11.567973613739014
11.609076499938965
11.650169610977173
11.691201448440552
11.732268333435059
11.773341417312622
11.814387321472168
11.855457782745361
11.896495342254639
11.937564611434937
11.9786057472229
12.019645690917969
12.060675144195557
12.101709365844727
12.142736673355103
12.183869361877441
12.224993467330933
12.266033172607422
12.307064294815063
12.348186731338501
12.389229536056519
12.4302659034729
12.471293687820435
12.512327432632446
12.553401708602905
12.59444522857666
12.635581254959106
12.676612377166748
12.717647790908813
12.758808374404907
12.799890756607056
12.840966701507568
12.881991624832153
12.923115253448486
12.964155197143555
13.005232334136963
13.046320915222168
13.08734917640686
13.128389596939087
13.169461250305176
13.210496187210083
13.251563787460327
13.29259967803955
13.333645105361938
13.374818801879883
13.415886163711548
13.456969022750854
13.498003482818604
13.539044618606567
13.580111980438232
13.621143341064453
13.662238836288452
13.703276872634888
13.744324207305908
13.785390377044678
13.826428413391113
13.867490768432617
13.908530235290527
13.9495689868927
13.990785598754883
14.031851291656494
14.072927474975586
14.114007711410522
14.155046224594116
14.196122407913208
14.237165212631226
14.27820372581482
14.319258689880371
14.360301971435547
14.40137505531311
14.442482233047485
14.484025239944458
14.53370976448059
14.574960231781006
14.616060972213745
14.656904220581055
14.69776201248169
14.738589525222778
14.779412746429443
14.820195198059082
14.86098027229309
14.901838302612305
14.942671775817871
14.983499526977539
15.024326086044312
