0.040737152099609375
0.08140301704406738
0.12206125259399414
0.1627213954925537
0.20338916778564453
0.2442026138305664
0.2848677635192871
0.325580358505249
0.3662569522857666
0.40692925453186035
0.44763946533203125
0.4883606433868408
0.5290241241455078
0.5696837902069092
0.6103513240814209
0.6510066986083984
0.6918787956237793
0.7329168319702148
0.7739591598510742
0.8149902820587158
0.8560276031494141
0.8970999717712402
0.9382233619689941
0.9792709350585938
1.0203986167907715
1.0614383220672607
1.102508783340454
1.1435563564300537
1.1846098899841309
1.2256395816802979
1.266681432723999
1.3077502250671387
1.3487873077392578
1.389826774597168
1.4308855533599854
1.4719290733337402
1.513026475906372
1.5541248321533203
1.595174789428711
1.6361963748931885
1.6772253513336182
1.7182879447937012
1.7593131065368652
1.8003606796264648
1.8413808345794678
1.8824048042297363
1.9234683513641357
1.9645006656646729
2.005586624145508
2.046623468399048
2.0876669883728027
2.1288065910339355
2.1699118614196777
2.210991382598877
2.2520430088043213
2.293098211288452
2.3341681957244873
2.3752036094665527
2.416259527206421
2.4572887420654297
2.4983692169189453
2.5394320487976074
2.580463171005249
2.621514320373535
2.6625585556030273
2.7035958766937256
2.74483323097229
2.785902738571167
2.8269667625427246
2.8680105209350586
2.909044027328491
2.9500999450683594
2.9911324977874756
3.0321788787841797
3.073251724243164
3.114283323287964
3.155350923538208
3.196388006210327
3.2374441623687744
3.2784831523895264
3.319580554962158
3.360661506652832
3.4017152786254883
3.442830801010132
3.483865261077881
3.524923324584961
3.56599497795105
3.6070265769958496
3.648125410079956
3.6891613006591797
3.7301948070526123
3.7712574005126953
3.81227707862854
3.8533356189727783
3.894373655319214
3.935500144958496
3.9765820503234863
4.0176286697387695
4.0586981773376465
4.099735260009766
4.140770673751831
4.181841611862183
4.2229485511779785
4.264006614685059
4.3050377368927
4.346066474914551
4.387128829956055
4.428157091140747
4.469220399856567
4.510265588760376
4.551378488540649
4.592521905899048
4.633543014526367
4.674603700637817
4.715634822845459
4.75666618347168
4.797717332839966
4.838737487792969
4.879798412322998
4.920831918716431
4.96185827255249
5.002913951873779
5.04393458366394
5.084988594055176
5.1261372566223145
5.167182445526123
5.2082319259643555
5.24955677986145
5.290633678436279
5.331664562225342
5.372731685638428
5.413754940032959
5.454833984375
5.495915412902832
5.536955833435059
5.577997446060181
5.619018793106079
5.660048007965088
5.701107740402222
5.7422263622283936
5.7832653522491455
5.824331521987915
5.865355730056763
5.906407117843628
5.947432994842529
5.988452911376953
6.029468059539795
6.070498943328857
6.111556529998779
6.152611970901489
6.193657159805298
6.234716415405273
6.27575945854187
6.316871404647827
6.3579370975494385
6.398980140686035
6.440009593963623
6.481043338775635
6.522107362747192
6.563140153884888
6.604169130325317
6.645223379135132
6.686254262924194
6.727313995361328
6.768388032913208
6.809408187866211
6.850430011749268
6.8914594650268555
6.932597875595093
6.973645448684692
7.0147013664245605
7.055758476257324
7.096786975860596
7.138137578964233
7.179434537887573
7.22057843208313
7.2613525390625
7.302100658416748
7.342922925949097
7.383663177490234
7.424334287643433
7.464990854263306
7.50564169883728
7.546357154846191
7.587019443511963
7.627675533294678
7.6683266162872314
7.708978891372681
7.749684810638428
7.790353298187256
7.831005334854126
7.871655464172363
7.912306308746338
7.9532201290130615
7.994255542755127
8.035306930541992
8.076337814331055
8.117417812347412
8.158493041992188
8.199540615081787
8.240603685379028
8.281643152236938
8.322819471359253
8.363886833190918
8.404932498931885
8.446186065673828
8.487261056900024
8.528211832046509
8.569196224212646
8.610222816467285
8.651281595230103
8.692320585250854
8.73343014717102
8.774505138397217
8.81553316116333
8.856597423553467
8.897628784179688
8.938659906387329
8.97971796989441
9.020737648010254
9.061789274215698
9.102842569351196
9.143877506256104
9.184950351715088
9.225980043411255
9.267038583755493
9.30812668800354
9.349252700805664
9.39024567604065
9.431197881698608
9.472135543823242
9.512957334518433
9.553772211074829
9.594589948654175
9.635407447814941
9.67631220817566
9.717089891433716
9.757867574691772
9.79874849319458
9.839565515518188
9.880474328994751
9.921353101730347
9.962158918380737
10.002975463867188
10.043797492980957
10.084713459014893
10.12549090385437
10.166268587112427
10.207166910171509
10.248192548751831
10.289135932922363
10.329921245574951
10.37069821357727
10.411582231521606
10.45260500907898
10.493537187576294
10.53445029258728
10.575285196304321
10.616087675094604
10.65687346458435
10.697745323181152
10.738569021224976
10.7793869972229
10.820178270339966
10.860958099365234
10.901821374893188
10.942695617675781
10.983512878417969
11.024306535720825
11.065083026885986
11.10594916343689
11.146889686584473
11.187772750854492
11.228697061538696
11.269480228424072
11.31034255027771
11.351582765579224
11.392402648925781
11.433236122131348
11.474066257476807
11.514911413192749
11.555727005004883
11.59654188156128
11.637462377548218
11.678239583969116
11.719228744506836
11.760108470916748
11.800957679748535
11.841866970062256
11.88264536857605
11.923425912857056
11.964255332946777
12.00508427619934
12.04598593711853
12.086928367614746
12.128007650375366
12.16919493675232
12.210614204406738
12.251728057861328
12.292435884475708
12.333191871643066
12.373918533325195
12.414644002914429
12.45531153678894
12.49597716331482
12.53663420677185
12.577288627624512
12.617945909500122
12.658600568771362
12.699254989624023
12.73991870880127
12.78057050704956
12.821223974227905
12.861876964569092
12.90253210067749
12.943463325500488
12.98451828956604
13.025569438934326
13.066601753234863
13.10763955116272
13.14875078201294
13.189792156219482
13.230867862701416
13.271907329559326
13.31306767463684
13.354138612747192
13.395173072814941
13.436219930648804
13.477319478988647
13.51846194267273
13.559580087661743
13.600647449493408
13.64172077178955
13.682759523391724
13.723801136016846
13.764864921569824
13.805907487869263
13.84696340560913
13.888004302978516
13.929084062576294
13.970216035842896
14.011184692382812
14.052240371704102
14.093280553817749
14.134397268295288
14.17554497718811
14.216606140136719
14.257673025131226
14.298722743988037
14.33976435661316
14.381115198135376
14.422056436538696
14.463012456893921
14.503963708877563
14.544914484024048
14.586025476455688
14.62706708908081
14.668224096298218
14.70927906036377
14.750422954559326
14.79150915145874
14.832563161849976
14.873634338378906
14.914676427841187
14.955717086791992
14.996778011322021
15.037806510925293
