0.040749311447143555
0.08141112327575684
0.12206697463989258
0.16272211074829102
0.20337986946105957
0.24403619766235352
0.28469324111938477
0.32537269592285156
0.36602783203125
0.40668344497680664
0.44733667373657227
0.4879922866821289
0.5287258625030518
0.5693998336791992
0.6100659370422363
0.6507213115692139
0.6914048194885254
0.7321078777313232
0.7727630138397217
0.8134193420410156
0.8540754318237305
0.8947286605834961
0.9353785514831543
0.9760336875915527
1.016693115234375
1.057748556137085
1.098803997039795
1.1399815082550049
1.1810851097106934
1.2221300601959229
1.2632064819335938
1.3042454719543457
1.345313549041748
1.3863661289215088
1.4274044036865234
1.4684772491455078
1.5095164775848389
1.5506417751312256
1.5916788578033447
1.6327080726623535
1.6737737655639648
1.7148232460021973
1.7560248374938965
1.7970821857452393
1.8381121158599854
1.8791799545288086
1.9202196598052979
1.9612884521484375
2.0023274421691895
2.0433571338653564
2.0844242572784424
2.1254568099975586
2.1665239334106445
2.2075564861297607
2.2485859394073486
2.289653778076172
2.3307833671569824
2.371870994567871
2.412916660308838
2.4539527893066406
2.495020627975464
2.5360593795776367
2.577125310897827
2.6182098388671875
2.659242868423462
2.7003111839294434
2.7413501739501953
2.7824134826660156
2.8234405517578125
2.864478349685669
2.905543327331543
2.946681022644043
2.987734317779541
3.028775215148926
3.0698094367980957
3.1110005378723145
3.1520354747772217
3.1931018829345703
3.2341415882110596
3.275186061859131
3.316261053085327
3.357295274734497
3.398388624191284
3.4394125938415527
3.480449914932251
3.52158784866333
3.5626561641693115
3.6037065982818604
3.644737958908081
3.685776948928833
3.726846694946289
3.767880439758301
3.8089449405670166
3.8499672412872314
3.8910071849823
3.932070732116699
3.9731040000915527
4.014171361923218
4.0552077293396
4.096258163452148
4.137460947036743
4.17850399017334
4.2195725440979
4.260608196258545
4.301637172698975
4.342700242996216
4.383770942687988
4.424849271774292
4.4659037590026855
4.5069451332092285
4.5480122566223145
4.589042901992798
4.6301045417785645
4.671139717102051
4.712172269821167
4.753272771835327
4.794325828552246
4.835444688796997
4.8764801025390625
4.917513132095337
4.958575010299683
4.999614715576172
5.040674686431885
5.0817015171051025
5.12273383140564
5.16378927230835
5.204818964004517
5.245889186859131
5.286924839019775
5.328014373779297
5.369104623794556
5.410151481628418
5.451219081878662
5.492263078689575
5.533298969268799
5.574366569519043
5.615435838699341
5.6564648151397705
5.697500228881836
5.738541126251221
5.779602289199829
5.820628643035889
5.861685752868652
5.9027180671691895
5.943898677825928
5.985031366348267
6.025981903076172
6.067070007324219
6.10818076133728
6.149249315261841
6.190334320068359
6.231362342834473
6.272430419921875
6.313468933105469
6.354497194290161
6.395557165145874
6.436598539352417
6.477669715881348
6.5188093185424805
6.559926986694336
6.601018905639648
6.642040729522705
6.683114290237427
6.724147081375122
6.765244007110596
6.806302785873413
6.847316265106201
6.88837194442749
6.929401874542236
6.970431566238403
7.011481046676636
7.052497863769531
7.093552112579346
7.134732961654663
7.1758058071136475
7.216887712478638
7.257955074310303
7.29903769493103
7.3400750160217285
7.381106615066528
7.425690174102783
7.467045307159424
7.508225917816162
7.548889875411987
7.589580059051514
7.63024640083313
7.670940637588501
7.711601972579956
7.752319097518921
7.793008089065552
7.833758354187012
7.874419689178467
7.9150707721710205
7.955735445022583
7.996657133102417
8.037319898605347
8.077977418899536
8.118630409240723
8.159286260604858
8.200013637542725
8.242419958114624
8.283478498458862
8.324629783630371
8.366174697875977
8.407516717910767
8.448468685150146
8.489415407180786
8.530586004257202
8.57164716720581
8.612684488296509
8.65371060371399
8.694741487503052
8.735806941986084
8.776837348937988
8.817894697189331
8.858914852142334
8.899942636489868
8.941096782684326
8.982145071029663
9.023211002349854
9.064246654510498
9.105314254760742
9.146399021148682
9.187458276748657
9.228520154953003
9.26957631111145
9.310635805130005
9.351705074310303
9.392738819122314
9.433796882629395
9.474836349487305
9.515896558761597
9.557122230529785
9.598166942596436
9.639257192611694
9.690803050994873
9.731910943984985
9.7727689743042
9.813598871231079
9.85456371307373
9.89563798904419
9.936510801315308
9.977404356002808
10.018208980560303
10.059063196182251
10.099933624267578
10.141147136688232
10.181967973709106
10.222854375839233
10.26376461982727
10.304616928100586
10.345594882965088
10.386501550674438
10.427373886108398
10.46833062171936
10.509204149246216
10.550380229949951
10.591228723526001
10.632123947143555
10.67300009727478
10.713901042938232
10.754819393157959
10.795666694641113
10.836565732955933
10.877435684204102
10.918367624282837
10.959189414978027
11.000004768371582
11.040923595428467
11.081876754760742
11.122791528701782
11.163636922836304
11.204569339752197
11.245640754699707
11.28653621673584
11.32745623588562
11.36836290359497
11.409239292144775
11.450071334838867
11.491031408309937
11.531919479370117
11.572835206985474
11.613651990890503
11.654533863067627
11.695365905761719
11.73633074760437
11.777239322662354
11.818117380142212
11.85901141166687
11.899880409240723
11.941052198410034
11.981966257095337
12.022860050201416
12.063718795776367
12.104613542556763
12.145465850830078
12.18632197380066
12.227153062820435
12.267975330352783
12.308810949325562
12.349648714065552
12.390596389770508
12.431623935699463
12.472980737686157
12.514244079589844
12.555169582366943
12.596106052398682
12.6369469165802
12.677790641784668
12.718914270401001
12.759985446929932
12.801109313964844
12.842174530029297
12.883209705352783
12.92421555519104
12.965031862258911
13.0059232711792
13.046992540359497
13.088036060333252
13.129224300384521
13.17037057876587
13.211568593978882
13.252578020095825
13.293526411056519
13.334663152694702
13.375726222991943
13.416774034500122
13.457801580429077
13.49887228012085
13.539901494979858
13.580937623977661
13.62197732925415
13.66300344467163
13.704063415527344
13.746204853057861
13.787291288375854
13.828290224075317
13.869226932525635
13.910406112670898
13.951466798782349
13.992502689361572
14.03356671333313
14.074593305587769
14.115731954574585
14.156774520874023
14.197818994522095
14.23886752128601
14.279895782470703
14.321034908294678
14.362116575241089
14.403211832046509
14.444272518157959
14.485289573669434
14.526345252990723
14.567379474639893
14.608470916748047
14.649509906768799
14.690572500228882
14.731629848480225
14.772658348083496
14.813719987869263
14.85475492477417
14.8957839012146
14.936904907226562
14.978008508682251
15.019095182418823
