0.040935516357421875
0.08188939094543457
0.12273168563842773
0.16526126861572266
0.20592641830444336
0.24659013748168945
0.28728437423706055
0.3279438018798828
0.36867332458496094
0.40933775901794434
0.44999217987060547
0.4906463623046875
0.5313153266906738
0.5720889568328857
0.6127510070800781
0.6541690826416016
0.694934606552124
0.735642671585083
0.776444673538208
0.8172218799591064
0.8581724166870117
0.8991315364837646
0.9402718544006348
0.9813032150268555
1.022378921508789
1.063413381576538
1.104445457458496
1.145944356918335
1.187295913696289
1.228546380996704
1.2696008682250977
1.3104827404022217
1.3515334129333496
1.3924777507781982
1.4335699081420898
1.4746167659759521
1.5157432556152344
1.5568277835845947
1.5978584289550781
1.6391746997833252
1.6805994510650635
1.7216458320617676
1.7625844478607178
1.8034594058990479
1.8447189331054688
1.8857393264770508
1.926713466644287
1.9677493572235107
2.0087852478027344
2.049873113632202
2.090949296951294
2.132188320159912
2.1738336086273193
2.2148969173431396
2.2560787200927734
2.2970263957977295
2.3381752967834473
2.3792057037353516
2.4202733039855957
2.4617347717285156
2.502700090408325
2.5437846183776855
2.58481764793396
2.625866413116455
2.6674890518188477
2.7084765434265137
2.7495172023773193
2.7904698848724365
2.8314225673675537
2.872252941131592
2.9130609035491943
2.9539706707000732
2.9947896003723145
3.035936117172241
3.0769429206848145
3.117812156677246
3.1590614318847656
3.1999924182891846
3.2408370971679688
3.2816872596740723
3.322506904602051
3.363328695297241
3.404144763946533
3.4449622631073
3.4859542846679688
3.526914358139038
3.5678670406341553
3.608832359313965
3.6504950523376465
3.6914918422698975
3.7324178218841553
3.7734315395355225
3.814291477203369
3.855154275894165
3.8959763050079346
3.9368183612823486
3.977736473083496
4.018518924713135
4.059385776519775
4.100210189819336
4.14140510559082
4.182357311248779
4.223205089569092
4.264063596725464
4.304774284362793
4.345552921295166
4.386339902877808
4.427059173583984
4.467851877212524
4.508571147918701
4.549351692199707
4.59040904045105
4.6312267780303955
4.672135353088379
4.712968349456787
4.753697395324707
4.794418573379517
4.835634469985962
4.876538276672363
4.917426347732544
4.958282232284546
4.999080419540405
5.039958238601685
5.0809619426727295
5.12577748298645
5.167365789413452
5.208126544952393
5.248796463012695
5.2894532680511475
5.330113410949707
5.370786905288696
5.4114906787872314
5.45252799987793
5.493183851242065
5.533857107162476
5.574533700942993
5.615227460861206
5.656242847442627
5.6969616413116455
5.73766565322876
5.778334617614746
5.81902551651001
5.85968542098999
5.900564670562744
5.941527605056763
5.982506275177002
6.0236899852752686
6.065093040466309
6.106054306030273
6.147492170333862
6.188742637634277
6.229670286178589
6.270583391189575
6.311692476272583
6.352772951126099
6.39381742477417
6.434847831726074
6.475890159606934
6.517015695571899
6.55808687210083
6.599142551422119
6.640790700912476
6.682405710220337
6.723299980163574
6.764249086380005
6.805313587188721
6.8463568687438965
6.8873889446258545
6.9284937381744385
6.969892263412476
7.010911464691162
7.0518410205841064
7.092789888381958
7.134075403213501
7.175678253173828
7.2168989181518555
7.258081436157227
7.298978328704834
7.34000825881958
7.380982875823975
7.42207145690918
7.463108539581299
7.504143714904785
7.545222282409668
7.586257696151733
7.627376556396484
7.669077396392822
7.710182189941406
7.751208782196045
7.792146921157837
7.83349871635437
7.874874114990234
7.916202068328857
7.957146644592285
7.99801230430603
8.039071083068848
8.080219268798828
8.121309757232666
8.16293215751648
8.203980684280396
8.245041847229004
8.2859206199646
8.326895475387573
8.367970705032349
8.408986806869507
8.450490236282349
8.491491317749023
8.53256106376648
8.573634386062622
8.614638090133667
8.656149864196777
8.69732403755188
8.738428592681885
8.77939772605896
8.820322275161743
8.861434698104858
8.902486085891724
8.943578720092773
8.984612703323364
9.025807857513428
9.067148923873901
9.108129024505615
9.149641752243042
9.190711259841919
9.231675863265991
9.27265214920044
9.313596487045288
9.35460114479065
9.395612001419067
9.436645746231079
9.4777090549469
9.518738508224487
9.559797525405884
9.60080623626709
9.64230751991272
9.683682441711426
9.724584102630615
9.765611410140991
9.80662751197815
9.847666501998901
9.888733863830566
9.929795503616333
9.970863580703735
10.01188850402832
10.052929162979126
10.093988180160522
10.135162591934204
10.176565170288086
10.217586755752563
10.259086608886719
10.300133466720581
10.341110229492188
10.382232189178467
10.423263311386108
10.464319705963135
10.505361080169678
10.546412944793701
10.587452173233032
10.628544330596924
10.670191287994385
10.711151838302612
10.752089977264404
10.793049097061157
10.83444094657898
10.875709056854248
10.91672134399414
10.957726001739502
10.998724699020386
11.039756774902344
11.08081865310669
11.121848344802856
11.16356110572815
11.20460319519043
11.245546817779541
11.286595106124878
11.327637910842896
11.368677616119385
11.409746170043945
11.451258420944214
11.492393970489502
11.53335690498352
11.574309349060059
11.61544919013977
11.657057523727417
11.698263883590698
11.739197015762329
11.780150651931763
11.821166515350342
11.862212896347046
11.903294086456299
11.944336652755737
11.98535966873169
12.02662467956543
12.067855596542358
12.109011888504028
12.150397539138794
12.191501379013062
12.232441902160645
12.273407220840454
12.314497947692871
12.355568647384644
12.396589994430542
12.437654495239258
12.478685855865479
12.519743204116821
12.560768842697144
12.601788997650146
12.644694805145264
12.686192274093628
12.727340936660767
12.76827883720398
12.80915355682373
12.850316286087036
12.891690969467163
12.932913780212402
12.974220037460327
13.015570402145386
13.056460857391357
13.097195625305176
13.1381094455719
13.179023742675781
13.219708442687988
13.260601997375488
13.301281213760376
13.341935396194458
13.382610321044922
13.42327094078064
13.4639253616333
13.504638195037842
13.545300245285034
13.58596158027649
13.626737833023071
13.668364763259888
13.709342956542969
13.750272035598755
13.791155338287354
13.832390785217285
13.873602628707886
13.914658069610596
13.955857992172241
13.996809005737305
14.037916660308838
14.078956842422485
14.119990587234497
14.161604404449463
14.20265245437622
14.243824243545532
14.284721374511719
14.32560110092163
14.36668848991394
14.407719850540161
14.44934606552124
14.4903244972229
14.5312819480896
14.572414875030518
14.613465070724487
14.65509819984436
14.696136713027954
14.73707628250122
14.778050661087036
14.818997144699097
14.86008071899414
14.901121139526367
14.942158222198486
14.983260154724121
15.024356842041016
