0.040738582611083984
0.08140087127685547
0.12226986885070801
0.1629321575164795
0.20358490943908691
0.24423956871032715
0.284895658493042
0.3255465030670166
0.3662760257720947
0.40693116188049316
0.4475834369659424
0.4883229732513428
0.5291552543640137
0.569981575012207
0.6110150814056396
0.6520612239837646
0.6932277679443359
0.734215497970581
0.7751667499542236
0.8161585330963135
0.8571927547454834
0.8982632160186768
0.9393019676208496
0.9803311824798584
1.0215368270874023
1.062530279159546
1.1035163402557373
1.144469976425171
1.1854164600372314
1.2265467643737793
1.2675936222076416
1.3086655139923096
1.3497073650360107
1.3907430171966553
1.431818962097168
1.4728631973266602
1.5139269828796387
1.5549635887145996
1.5959866046905518
1.6370878219604492
1.6781201362609863
1.719174861907959
1.7602252960205078
1.8012940883636475
1.8423688411712646
1.8834030628204346
1.9244656562805176
1.9655017852783203
2.0065603256225586
2.0476183891296387
2.08866548538208
2.129702091217041
2.170743227005005
2.211775302886963
2.2528553009033203
2.2938945293426514
2.3349616527557373
2.376002311706543
2.417069673538208
2.458144426345825
2.4991836547851562
2.540243625640869
2.5812833309173584
2.6223812103271484
2.6634581089019775
2.704484701156616
2.7455430030822754
2.786585569381714
2.8276138305664062
2.8686881065368652
2.909726142883301
2.9507927894592285
2.991835117340088
3.032869577407837
3.0739383697509766
3.1150050163269043
3.156527280807495
3.197538375854492
3.2383689880371094
3.279221534729004
3.3200743198394775
3.3609697818756104
3.4020020961761475
3.443063259124756
3.48401141166687
3.5248868465423584
3.5657918453216553
3.6067986488342285
3.6477468013763428
3.688899040222168
3.7299373149871826
3.7710158824920654
3.8120460510253906
3.8530824184417725
3.894151210784912
3.9351866245269775
3.976278305053711
4.017295598983765
4.058323860168457
4.099384069442749
4.140415668487549
4.181476354598999
4.222496509552002
4.2635369300842285
4.304600477218628
4.34563136100769
4.3866589069366455
4.427691698074341
4.468721628189087
4.509774208068848
4.550806522369385
4.592187881469727
4.633131504058838
4.674069404602051
4.715183973312378
4.756220102310181
4.797243118286133
4.83827018737793
4.879297971725464
4.92024040222168
4.961188793182373
5.002188444137573
5.043009042739868
5.083924055099487
5.1249237060546875
5.165714979171753
5.206620693206787
5.247450828552246
5.288275480270386
5.329052925109863
5.3698389530181885
5.410733222961426
5.4515604972839355
5.492483377456665
5.533269166946411
5.574052810668945
5.614938974380493
5.6557581424713135
5.696672439575195
5.737459659576416
5.7782440185546875
5.819124937057495
5.859942674636841
5.900781869888306
5.941607475280762
5.98243260383606
6.0232322216033936
6.064081907272339
6.105130672454834
6.145970344543457
6.186979055404663
6.227895975112915
6.268739938735962
6.309628963470459
6.350418567657471
6.391207695007324
6.432116270065308
6.472944736480713
6.513842821121216
6.554626226425171
6.59541916847229
6.636244297027588
6.6770219802856445
6.717904329299927
6.758723497390747
6.799540042877197
6.8404436111450195
6.88122034072876
6.922082185745239
6.962900876998901
7.00371527671814
7.044586896896362
7.0853636264801025
7.126250505447388
7.167096376419067
7.207911014556885
7.2488086223602295
7.289595603942871
7.330472707748413
7.371300935745239
7.4121174812316895
7.453019857406616
7.493802309036255
7.5346832275390625
7.575714826583862
7.616815090179443
7.657893896102905
7.69892692565918
7.739985704421997
7.781023740768433
7.822055816650391
7.8631134033203125
7.9041407108306885
7.945200681686401
7.986225605010986
8.027260065078735
8.06834363937378
8.109417200088501
8.150505781173706
8.191540479660034
8.23258352279663
8.273664474487305
8.31471061706543
8.355783700942993
8.396817684173584
8.437855958938599
8.4789297580719
8.51996660232544
8.56102728843689
8.602060317993164
8.643098592758179
8.684164047241211
8.72519826889038
8.766231536865234
8.807257652282715
8.848300695419312
8.88936471939087
8.930399656295776
8.971466779708862
9.012494564056396
9.053528785705566
9.094594955444336
9.135623931884766
9.17665696144104
9.217679262161255
9.258714437484741
9.299780130386353
9.340808868408203
9.381879329681396
9.422910690307617
9.463943004608154
9.504999876022339
9.546033143997192
9.587058782577515
9.628087043762207
9.669469356536865
9.710543870925903
9.751569032669067
9.79262638092041
9.833661079406738
9.874697208404541
9.915757894515991
9.956827878952026
9.9978506565094
10.038879632949829
10.079914093017578
10.12097716331482
10.162014245986938
10.203073740005493
10.24409818649292
10.285126686096191
10.326188325881958
10.367214679718018
10.408235549926758
10.449262619018555
10.490292072296143
10.531354665756226
10.572376012802124
10.613417387008667
10.654642343521118
10.695682764053345
10.736783504486084
10.777814626693726
10.818835973739624
10.859870910644531
10.900901794433594
10.9419686794281
10.982988595962524
11.024040460586548
11.065109968185425
11.10615611076355
11.147235631942749
11.188262939453125
11.229324102401733
11.270368814468384
11.311434268951416
11.352508544921875
11.393543004989624
11.434603929519653
11.475648641586304
11.516684532165527
11.557749032974243
11.598771333694458
11.639828443527222
11.68086576461792
11.721940517425537
11.763011455535889
11.804041385650635
11.845107078552246
11.886143445968628
11.927172422409058
11.968226432800293
12.009255170822144
12.050276517868042
12.091307163238525
12.132339477539062
12.1734037399292
12.214433193206787
12.255497932434082
12.296562194824219
12.337608575820923
12.37865161895752
12.41967511177063
12.460750579833984
12.501799821853638
12.542847156524658
12.583934783935547
12.624995946884155
12.666071891784668
12.707114219665527
12.7481689453125
12.78920578956604
12.830230474472046
12.871299028396606
12.912336111068726
12.953368902206421
12.994427680969238
13.035454511642456
13.07668924331665
13.117757081985474
13.15882134437561
13.199857473373413
13.240891218185425
13.281974077224731
13.323015213012695
13.364057302474976
13.405126333236694
13.44616413116455
13.487237215042114
13.528279781341553
13.569310188293457
13.610369205474854
13.651494026184082
13.692564964294434
13.73360013961792
13.774644613265991
13.815704584121704
13.856738805770874
13.897806644439697
13.938841819763184
13.97987151145935
14.020925283432007
14.061963558197021
14.10303020477295
14.144060611724854
14.185086488723755
14.22614574432373
14.267189502716064
14.308267831802368
14.34930157661438
14.390331268310547
14.431463479995728
14.472542524337769
14.513612031936646
14.55469799041748
14.595771074295044
14.636874437332153
14.677999258041382
14.719177961349487
14.760125637054443
14.801064491271973
14.84213638305664
14.883174657821655
14.92425274848938
14.965285062789917
15.006309986114502
