148
148
148
149
149
149
150
150
150
151
151
151
151
151
151
151
151
152
151
151
151
151
151
150
151
150
150
150
150
150
150
150
150
150
150
150
150
149
150
150
149
149
149
149
149
149
150
149
150
151
152
153
155
155
156
157
158
159
159
161
162
163
163
164
166
167
167
168
169
170
171
173
173
174
175
176
177
178
179
180
181
181
181
182
183
183
185
185
185
185
187
187
188
189
189
190
190
190
190
192
191
192
193
194
193
193
194
194
195
195
196
195
195
197
197
196
198
198
199
198
199
199
199
199
200
200
201
201
201
202
201
202
201
202
203
202
202
204
204
204
204
204
204
206
205
205
205
205
205
206
206
206
206
207
207
207
207
208
207
208
208
208
208
209
209
209
209
210
209
209
209
209
209
210
210
210
211
210
211
211
211
210
211
211
211
211
212
212
211
211
212
212
212
212
212
213
213
213
213
213
213
213
214
214
214
215
214
214
215
215
215
215
215
216
215
217
216
216
217
217
217
217
217
216
217
217
218
218
218
217
218
218
218
218
219
218
219
218
219
219
219
219
220
219
219
220
219
220
220
220
220
221
221
220
221
221
221
222
222
221
222
221
222
222
222
223
222
222
222
223
223
223
223
223
224
224
224
223
224
224
223
225
225
224
224
224
224
225
225
224
224
225
225
225
224
225
225
226
224
226
226
225
225
225
225
225
226
227
226
226
225
227
226
227
226
226
227
227
227
227
227
227
228
227
227
228
228
228
227
228
227
228
228
228
228
229
227
228
229
229
229
229
229
229
230
229
229
229
229
229
229
229
229
229
229
229
229
229
229
229
229
230
229
229
229
230
